desc: I1 cache:         32768 B, 64 B, 8-way associative
desc: D1 cache:         32768 B, 64 B, 8-way associative
desc: LL cache:         3145728 B, 64 B, 12-way associative
cmd: ./sumka
events: Ir I1mr ILmr Dr D1mr DLmr Dw D1mw DLmw 
fl=/home/ishidex2/progs/sumka/./mem.h
fn=sumka_mem_pop_default_int
23 119994 1 1 0 0 0 79996 0 0
24 399980 0 0 279986 0 0 39998 0 0
fn=sumka_mem_push_default_int
18 279992 1 1 0 0 0 209994 0 0
19 629982 0 0 349990 0 0 139996 1250 1239
20 139996 0 0 139996 0 0 0 0 0
fl=/home/ishidex2/progs/sumka/codegen.c
fn=sumka_codegen_branch
30 3 1 1 0 0 0 2 0 0
31 3 0 0 2 0 0 1 0 0
32 7 1 1 3 0 0 2 0 0
33 3 0 0 3 0 0 0 0 0
fn=sumka_codegen_dbgdmp
100 4 1 1 0 0 0 2 0 0
101 165 0 0 83 0 0 21 0 0
102 1920 2 2 1080 0 0 220 0 0
103 1346 0 0 904 0 0 0 0 0
104 8 0 0 4 0 0 1 0 0
106 200 1 1 0 0 0 0 0 0
108 80 0 0 40 0 0 20 0 0
110 3 0 0 2 0 0 0 0 0
fn=sumka_codegen_dispose
112 3 0 0 0 0 0 2 0 0
116 2 0 0 2 0 0 0 0 0
fn=sumka_codegen_dump_instr
0 100 1 1 40 2 2 0 0 0
71 100 0 0 0 0 0 60 0 0
72 80 0 0 60 0 0 20 0 0
74 120 1 1 40 0 0 40 0 0
75 140 0 0 40 3 0 20 0 0
76 100 0 0 20 0 0 20 0 0
88 75 1 1 15 0 0 15 0 0
89 15 0 0 0 0 0 0 0 0
94 22 0 0 8 0 0 2 0 0
97 60 1 1 0 0 0 20 0 0
98 60 0 0 40 0 0 0 0 0
fn=sumka_codegen_instr
46 12 1 1 0 0 0 9 0 0
47 30 0 0 9 0 0 6 0 0
48 9 1 1 6 0 0 3 0 0
49 6 0 0 6 0 0 0 0 0
fn=sumka_codegen_instr_iuc
40 80 1 1 0 0 0 64 0 0
42 160 1 1 48 0 0 32 0 0
43 112 0 0 48 0 0 16 0 0
44 32 0 0 32 0 0 0 0 0
fn=sumka_codegen_leave
36 4 0 0 0 0 0 3 0 0
37 9 0 0 6 0 0 1 0 0
38 2 0 0 2 0 0 0 0 0
fl=/home/ishidex2/progs/sumka/lexer.c
fn=decide
0 42 0 0 42 0 0 0 0 0
144 294 0 0 42 0 0 168 0 0
145 126 0 0 42 0 0 84 0 0
147 336 1 1 126 2 1 42 0 0
148 90 0 0 36 0 0 36 0 0
149 120 1 1 24 0 0 24 0 0
151 120 0 0 24 0 0 24 0 0
152 12 0 0 4 0 0 4 0 0
153 110 1 1 22 0 0 22 0 0
154 30 0 0 10 0 0 10 0 0
155 85 1 1 17 0 0 17 0 0
156 30 0 0 10 0 0 10 0 0
157 60 1 1 12 0 0 12 0 0
158 12 0 0 4 0 0 4 0 0
159 50 0 0 10 0 0 10 0 0
160 12 0 0 4 0 0 4 0 0
161 40 1 1 8 0 0 8 0 0
162 12 0 0 4 0 0 4 0 0
163 60 1 1 12 0 0 12 0 0
164 15 0 0 6 0 0 6 0 0
170 9 1 1 3 0 0 3 0 0
171 15 0 0 3 0 0 3 0 0
172 6 0 0 3 0 0 3 0 0
173 15 0 0 3 0 0 3 0 0
174 6 1 1 3 0 0 3 0 0
175 9 0 0 3 0 0 3 0 0
176 63 1 1 27 0 0 27 0 0
177 3 0 0 0 0 0 0 0 0
182 6 0 0 0 0 0 3 0 0
186 378 2 2 210 0 0 42 0 0
fn=get_ident
0 65 0 0 65 0 0 0 0 0
74 126 1 1 18 0 0 72 0 0
75 216 1 1 108 0 0 90 0 0
80 1296 2 2 278 1 1 296 0 0
81 94 0 0 47 0 0 47 0 0
83 126 0 0 72 0 0 18 0 0
84 72 1 1 36 0 0 0 0 0
fn=ident_or_kw
0 68 0 0 18 0 0 0 0 0
88 126 1 1 18 0 0 72 0 0
90 126 1 1 18 0 0 36 0 0
92 125 1 1 18 0 0 18 0 0
93 22 1 1 9 0 0 9 0 0
94 119 1 1 17 0 0 17 0 0
96 118 1 1 17 0 0 17 0 0
97 22 1 1 9 0 0 9 0 0
98 112 1 1 16 0 0 16 0 0
101 336 2 2 144 0 0 144 0 0
102 18 1 1 0 0 0 18 0 0
103 162 1 1 90 0 0 18 0 0
fn=lis
47 2895 1 1 0 0 0 1737 0 0
48 7527 1 1 4632 1 0 0 0 0
fn=lmeets
52 215 1 1 0 0 0 129 0 0
53 903 1 1 430 0 0 172 1 0
fn=lpeek
42 537 0 0 0 0 0 358 0 0
43 1253 1 1 1253 0 0 0 0 0
fn=lskip
62 616 0 0 0 0 0 308 0 0
63 616 1 1 308 0 0 154 0 0
65 770 0 0 154 0 0 154 0 0
66 24 0 0 12 0 0 12 0 0
67 48 0 0 24 0 0 12 0 0
70 616 0 0 308 0 0 154 0 0
71 462 0 0 308 0 0 0 0 0
fn=mktok
21 120 0 0 0 0 0 48 0 0
22 288 0 0 168 0 0 120 0 0
fn=number
0 10 0 0 10 0 0 0 0 0
134 21 1 1 3 0 0 12 0 0
135 9 0 0 3 0 0 3 0 0
136 142 1 1 17 0 0 34 0 0
137 14 0 0 7 0 0 7 0 0
138 9 1 1 3 0 0 3 0 0
139 57 0 0 24 0 0 18 0 0
140 12 0 0 6 0 0 0 0 0
fn=record
26 96 1 1 0 0 0 48 0 0
27 288 1 1 192 0 0 96 0 0
fn=simple
106 144 2 2 18 0 0 90 0 0
107 180 1 1 54 0 0 126 0 0
108 18 0 0 18 0 0 0 0 0
109 36 0 0 36 0 0 0 0 0
110 36 0 0 36 0 0 0 0 0
111 36 0 0 36 0 0 0 0 0
115 108 0 0 54 0 0 18 0 0
116 72 0 0 36 0 0 0 0 0
fn=skip_blank
0 119 0 0 119 0 0 0 0 0
204 172 1 1 0 0 0 86 0 0
205 1749 1 1 174 0 0 348 1 0
206 1009 2 2 153 0 0 306 0 0
208 152 0 0 76 0 0 76 0 0
210 129 0 0 86 0 0 0 0 0
fn=skip_comment
189 172 0 0 0 0 0 86 0 0
190 215 0 0 43 0 0 43 0 0
200 43 1 1 0 0 0 43 0 0
201 258 0 0 129 0 0 0 0 0
fn=stop
31 120 0 0 0 0 0 72 0 0
32 216 1 1 96 0 0 0 0 0
33 144 1 1 120 0 0 24 0 0
34 72 0 0 48 0 0 0 0 0
fn=sumka_lex_next
212 215 1 1 0 0 0 129 1 0
213 86 0 0 43 0 0 43 0 0
214 215 0 0 43 0 0 43 0 0
215 2 0 0 0 0 0 1 0 0
216 168 0 0 84 0 0 84 0 0
217 172 0 0 129 0 0 0 0 0
fn=verify
37 408 0 0 0 0 0 272 0 0
38 1020 1 1 612 0 0 68 0 0
fl=/home/ishidex2/progs/sumka/main.c
fn=main
0 1 0 0 1 0 0 0 0 0
33 6 2 2 1 0 0 3 1 1
34 3 0 0 0 0 0 2 1 1
35 5 1 1 1 0 0 4 1 1
37 3 0 0 0 0 0 1 0 0
39 4 0 0 0 0 0 1 0 0
40 4 1 1 0 0 0 1 0 0
41 4 0 0 0 0 0 1 0 0
44 8 1 1 0 0 0 3 1 0
45 2 0 0 0 0 0 1 0 0
59 3 0 0 0 0 0 2 1 0
60 2 0 0 1 0 0 1 0 0
61 2 1 1 1 0 0 0 0 0
69 3 1 1 0 0 0 1 0 0
70 3 0 0 0 0 0 1 0 0
72 3 0 0 0 0 0 1 0 0
73 7 1 1 0 0 0 2 0 0
75 2 0 0 0 0 0 1 0 0
76 2 0 0 0 0 0 1 0 0
77 3 1 1 0 0 0 1 0 0
78 2 0 0 1 0 0 1 0 0
79 9 0 0 5 1 0 1 0 0
fn=printi
24 4 1 1 0 0 0 2 0 0
25 6 0 0 1 0 0 2 0 0
26 3 0 0 2 0 0 0 0 0
fn=println
28 4 1 0 0 0 0 2 0 0
30 3 0 0 0 0 0 1 0 0
31 3 0 0 2 0 0 0 0 0
fn=read_file
6 4 1 1 0 0 0 2 0 0
7 4 0 0 1 0 0 2 1 1
8 2 1 1 1 0 0 0 0 0
10 5 0 0 1 0 0 1 0 0
11 3 0 0 1 0 0 2 0 0
12 5 1 1 1 0 0 1 0 0
13 5 0 0 1 0 0 2 0 0
14 3 0 0 2 0 0 1 0 0
15 5 0 0 3 0 0 1 0 0
16 2 1 1 1 0 0 1 0 0
17 2 0 0 1 0 0 1 0 0
18 4 0 0 3 0 0 0 0 0
fl=/home/ishidex2/progs/sumka/mem.c
fn=sumka_mem_deinit
15 4 0 0 0 0 0 2 0 0
16 3 0 0 2 0 0 1 0 0
17 3 0 0 2 0 0 0 0 0
fn=sumka_mem_init
7 4 1 1 0 0 0 1 0 0
8 2 0 0 0 0 0 2 0 0
9 1 0 0 0 0 0 1 0 0
12 5 0 0 4 0 0 0 0 0
fl=/home/ishidex2/progs/sumka/parser.c
fn=decide_statement
0 38 1 1 8 0 0 0 0 0
245 48 1 1 8 0 0 24 0 0
247 48 0 0 8 0 0 8 0 0
254 47 1 1 8 0 0 8 0 0
255 7 2 2 1 0 0 2 0 0
256 3 0 0 2 0 0 1 0 0
257 6 1 1 1 0 0 2 0 0
258 4 1 1 1 0 0 2 0 0
259 6 1 1 1 0 0 2 0 0
261 5 0 0 1 0 0 1 0 0
262 7 0 0 4 0 0 1 0 0
263 4 0 0 2 0 0 1 0 0
264 1 0 0 0 0 0 0 0 0
265 42 2 2 7 0 0 7 0 0
277 63 2 2 7 0 0 14 0 0
279 40 1 1 7 0 0 7 0 0
280 14 1 1 2 0 0 4 0 0
281 14 1 1 2 0 0 4 0 0
282 20 1 1 8 0 0 8 0 0
284 4 0 0 2 0 0 0 0 0
287 10 1 1 8 0 0 2 0 0
289 12 1 1 6 0 0 2 0 0
292 16 0 0 8 0 0 2 0 0
294 10 0 0 4 0 0 2 0 0
295 2 0 0 0 0 0 0 0 0
296 28 1 1 5 0 0 5 0 0
297 34 1 1 10 0 0 12 0 0
298 15 2 2 3 0 0 3 0 0
299 51 2 2 15 0 0 18 0 0
304 8 0 0 0 0 0 8 0 0
305 72 0 0 40 0 0 8 0 0
fn=par_body
308 8 1 1 0 0 0 4 0 0
309 14 2 2 2 0 0 4 0 0
310 62 1 1 10 0 0 10 0 0
311 56 1 1 8 0 0 16 0 0
312 16 1 1 2 0 0 4 0 0
314 2 0 0 0 0 0 2 0 0
315 8 0 0 6 0 0 0 0 0
fn=par_call
0 10 2 2 4 0 0 0 0 0
184 24 1 1 0 0 0 12 0 0
185 28 1 1 4 0 0 8 0 0
187 12 0 0 4 0 0 8 0 0
189 20 1 1 4 0 0 4 0 0
190 9 1 1 1 0 0 2 0 0
191 4 1 1 1 0 0 1 0 0
192 7 1 1 1 0 0 2 0 0
193 2 0 0 0 0 0 1 0 0
195 15 1 1 3 0 0 3 0 0
196 9 1 1 1 0 0 2 0 0
197 4 0 0 1 0 0 1 0 0
198 7 2 2 1 0 0 2 0 0
199 2 0 0 0 0 0 1 0 0
201 10 0 0 2 0 0 2 0 0
208 10 0 0 6 0 0 4 0 0
210 4 0 0 2 0 0 0 0 0
211 6 0 0 4 0 0 0 0 0
216 6 1 1 4 0 0 0 0 0
217 18 2 2 2 0 0 4 0 0
218 24 0 0 8 0 0 2 0 0
219 2 0 0 0 0 0 0 0 0
223 2 0 0 0 0 0 0 0 0
227 16 1 1 2 0 0 4 0 0
229 2 0 0 0 0 0 2 0 0
230 16 0 0 12 0 0 0 0 0
fn=par_call_params
0 4 0 0 4 0 0 0 0 0
134 20 1 1 0 0 0 12 0 0
135 24 1 1 4 0 0 8 0 0
137 33 1 1 6 0 0 6 0 0
138 10 0 0 5 0 0 0 0 0
141 35 2 2 5 0 0 10 0 0
144 10 0 0 5 0 0 0 0 0
148 27 1 1 5 0 0 5 0 0
149 3 0 0 0 0 0 0 0 0
151 4 0 0 2 0 0 0 0 0
153 16 2 2 2 0 0 4 0 0
155 8 0 0 4 0 0 0 0 0
157 4 0 0 0 0 0 4 0 0
158 16 0 0 12 0 0 0 0 0
fn=par_defn
0 3 0 0 3 0 0 0 0 0
233 18 1 1 0 0 0 9 0 0
234 21 1 1 3 0 0 6 0 0
235 21 2 2 3 0 0 6 0 0
236 12 0 0 6 0 0 6 0 0
237 36 1 1 21 0 0 9 0 0
238 3 0 0 0 0 0 3 0 0
239 12 0 0 9 0 0 0 0 0
fn=par_fn
0 1 0 0 1 0 0 0 0 0
318 6 1 1 1 0 0 3 0 0
319 7 2 2 1 0 0 2 0 0
321 9 1 1 1 0 0 2 0 0
323 10 1 1 4 0 0 4 0 0
325 2 0 0 1 0 0 0 0 0
330 4 1 1 1 0 0 1 0 0
332 2 0 0 1 0 0 0 0 0
333 13 1 1 6 0 0 4 0 0
338 4 1 1 3 0 0 1 0 0
339 4 0 0 2 0 0 2 0 0
340 7 1 1 1 0 0 2 0 0
342 3 1 1 2 0 0 1 0 0
344 1 0 0 0 0 0 1 0 0
346 6 0 0 1 0 0 1 0 0
373 5 1 1 2 0 0 1 0 0
375 2 0 0 1 0 0 0 0 0
378 8 2 2 1 0 0 2 0 0
380 6 0 0 1 0 0 1 0 0
385 7 1 1 3 0 0 2 0 0
387 4 1 1 3 0 0 1 0 0
390 5 0 0 1 0 0 1 0 0
391 7 1 1 1 0 0 2 0 0
392 11 0 0 5 0 0 2 0 0
394 4 1 1 1 0 0 1 0 0
395 2 0 0 1 0 0 1 0 0
396 1 0 0 0 0 0 0 0 0
407 4 1 1 3 0 0 1 0 0
408 1 0 0 0 0 0 1 0 0
409 9 0 0 5 0 0 1 0 0
fn=par_value
0 26 1 1 11 0 0 0 0 0
84 66 1 1 11 0 0 33 0 0
85 66 1 1 11 0 0 11 0 0
94 63 1 1 11 0 0 11 0 0
96 27 2 2 3 0 0 6 0 0
97 3 0 0 0 0 0 3 0 0
98 24 0 0 12 0 0 6 0 0
99 9 1 1 3 0 0 3 0 0
101 6 0 0 3 0 0 0 0 0
102 18 0 0 6 0 0 3 0 0
107 21 1 1 9 0 0 6 0 0
108 3 1 1 0 0 0 0 0 0
109 40 0 0 8 0 0 8 0 0
111 72 1 1 8 0 0 16 0 0
112 46 0 0 8 0 0 8 0 0
113 32 1 1 10 0 0 12 0 0
114 4 0 0 0 0 0 2 0 0
117 60 2 2 24 0 0 24 0 0
118 12 0 0 6 0 0 0 0 0
120 30 1 1 24 0 0 6 0 0
124 48 0 0 24 0 0 6 0 0
126 30 0 0 12 0 0 6 0 0
127 24 0 0 18 0 0 6 0 0
130 9 1 1 0 0 0 9 0 0
131 99 0 0 55 0 0 11 0 0
fn=pgive
50 114 0 0 0 0 0 76 0 0
51 57 0 0 38 0 0 0 0 0
53 76 1 1 57 0 0 0 0 0
54 190 1 1 114 0 0 76 0 0
55 190 0 0 76 0 0 38 0 0
56 38 1 1 0 0 0 19 0 0
59 76 0 0 57 0 0 0 0 0
fn=pif
24 332 1 1 0 0 0 249 0 0
25 249 0 0 166 0 0 0 0 0
27 498 1 1 249 0 0 83 0 0
28 415 0 0 249 0 0 0 0 0
fn=pifnt
32 68 1 1 0 0 0 51 0 0
33 51 0 0 34 0 0 0 0 0
35 102 0 0 51 0 0 17 0 0
36 85 0 0 51 0 0 0 0 0
fn=pskip
18 12 0 0 0 0 0 6 0 0
19 27 1 1 9 0 0 6 0 0
20 3 0 0 0 0 0 3 0 0
21 12 0 0 9 0 0 0 0 0
fn=pthen
39 100 1 1 0 0 0 60 0 0
40 60 0 0 40 0 0 0 0 0
42 80 1 1 60 0 0 0 0 0
43 200 1 1 80 0 0 40 0 0
44 40 0 0 0 0 0 20 0 0
47 80 0 0 60 0 0 0 0 0
fn=strmk
62 85 0 0 0 0 0 51 0 0
63 170 1 1 136 0 0 17 0 0
64 68 0 0 51 0 0 17 0 0
65 85 0 0 51 0 0 0 0 0
fn=sumka_parser_parse
411 4 1 1 0 0 0 2 0 0
412 9 2 2 3 0 0 2 0 0
413 20 1 1 5 0 0 2 0 0
414 1 0 0 0 0 0 1 0 0
415 4 0 0 3 0 0 0 0 0
fl=/home/ishidex2/progs/sumka/refl.c
fn=generic_item
17 80 1 1 0 0 0 50 1 0
18 90 0 0 20 0 0 40 0 0
20 50 1 1 30 0 0 10 0 0
22 10 0 0 10 0 0 0 0 0
fn=mkbasetype
0 3 0 0 3 0 0 0 0 0
44 24 1 1 3 1 0 15 2 0
45 24 1 1 6 0 0 6 0 0
46 45 1 1 21 0 0 18 3 0
47 9 0 0 6 0 0 3 0 0
48 27 0 0 15 0 0 3 0 0
fn=sumka_refl_dispose
146 4 0 0 0 0 0 2 0 0
147 85 1 1 43 1 0 11 0 0
148 60 0 0 30 7 0 0 0 0
149 50 1 1 30 0 0 10 0 0
150 3 0 0 2 0 0 0 0 0
fn=sumka_refl_find
64 25 1 1 0 0 0 15 0 0
65 73 0 0 39 0 0 11 0 0
66 88 1 1 44 0 0 11 0 0
67 25 0 0 10 0 0 5 0 0
68 6 0 0 0 0 0 0 0 0
70 20 0 0 15 0 0 0 0 0
fn=sumka_refl_instanceof
86 10 0 0 0 0 0 6 0 0
87 6 1 1 2 0 0 0 0 0
90 18 0 0 10 0 0 0 0 0
fn=sumka_refl_lup
0 4 0 0 4 0 0 0 0 0
80 20 1 1 0 0 0 12 0 0
81 16 0 0 8 0 0 8 0 0
82 35 2 1 21 0 0 4 0 0
fn=sumka_refl_lup_id
72 60 1 1 0 0 0 36 0 0
73 210 0 0 82 1 0 35 0 0
74 272 2 1 170 6 0 34 0 0
75 33 0 0 11 0 0 11 0 0
76 23 0 0 0 0 0 0 0 0
77 1 0 0 0 0 0 1 0 0
78 48 0 0 36 0 0 0 0 0
fn=sumka_refl_make_fn
0 1 0 0 1 0 0 0 0 0
35 8 1 1 1 0 0 5 0 0
36 8 0 0 2 0 0 2 0 0
38 15 1 1 7 0 0 6 2 0
39 3 0 0 2 0 0 1 0 0
41 9 0 0 5 0 0 1 0 0
fn=sumka_refl_make_var
0 3 0 0 3 0 0 0 0 0
93 24 1 1 3 0 0 15 0 0
94 24 1 1 6 0 0 6 0 0
95 45 1 1 21 0 0 18 3 0
96 9 0 0 6 0 0 3 0 0
97 27 1 1 15 0 0 3 0 0
fn=sumka_refl_new
0 4 0 0 4 0 0 0 0 0
51 6 1 1 0 0 0 3 0 0
52 3 0 0 0 0 0 1 0 0
53 1 1 1 0 0 0 1 0 0
57 21 0 0 7 0 0 4 0 0
58 39 1 1 15 2 0 6 0 0
59 6 0 0 3 0 0 3 0 0
61 3 0 0 2 0 0 0 0 0
fn=sumka_refl_peek
134 3 1 1 0 0 0 2 0 0
135 4 1 1 4 0 0 0 0 0
fn=sumka_refl_push
142 40 0 0 0 0 0 30 0 0
143 80 1 1 40 0 0 20 1 0
144 20 0 0 20 0 0 0 0 0
fn=sumka_refl_register_ffi_fn
26 24 1 1 3 0 0 15 0 0
27 24 1 1 6 0 0 6 0 0
29 45 1 1 21 0 0 18 3 0
30 9 0 0 6 0 0 3 0 0
32 21 0 0 12 0 0 3 0 0
33 9 0 0 6 0 0 0 0 0
fn=sumka_refl_seek
138 4 0 0 0 0 0 3 0 0
139 3 0 0 2 0 0 1 0 0
140 2 0 0 2 0 0 0 0 0
fn=sumka_refl_trace
0 4 0 0 2 0 0 0 0 0
100 6 0 0 1 0 0 3 0 0
101 8 1 1 4 2 0 4 0 0
108 48 0 0 17 0 0 8 0 0
110 49 2 2 28 0 0 7 0 0
111 35 0 0 35 0 0 0 0 0
112 42 0 0 28 0 0 0 0 0
114 3 0 0 2 0 0 0 0 0
fl=/home/ishidex2/progs/sumka/runtime.c
fn=find_label
11 5 1 1 0 0 0 3 0 0
12 6 0 0 4 0 0 2 0 0
14 2 0 0 1 0 0 0 0 0
16 3 1 1 2 0 0 0 0 0
19 5 0 0 4 0 0 0 0 0
fn=push_call
40 6 1 1 1 0 0 3 0 0
47 19 1 1 10 0 0 4 0 0
48 3 0 0 2 0 0 0 0 0
fn=sumka_runtime_exec
0 649990 0 0 259996 1 1 0 0 0
58 6 1 1 1 0 0 3 0 0
59 5 1 1 1 0 0 2 0 0
60 6 0 0 2 0 0 2 0 0
61 12 1 1 4 0 0 6 0 0
62 2 0 0 1 0 0 1 0 0
64 5 0 0 2 0 0 1 0 0
65 129997 1 1 0 0 0 0 0 0
66 649990 1 1 519992 0 0 129998 0 0
75 389994 0 0 129998 0 0 129998 0 0
76 519992 0 0 129998 0 0 129998 0 0
79 179982 1 1 99990 0 0 19998 0 0
80 119988 0 0 39996 0 0 19998 0 0
81 159984 0 0 79992 0 0 39996 0 0
82 79992 0 0 39996 0 0 19998 0 0
83 19998 0 0 0 0 0 0 0 0
85 90000 2 2 50000 0 0 20000 0 0
86 90000 0 0 50000 0 0 20000 0 0
87 140000 1 1 60000 0 0 20000 0 0
88 40000 0 0 20000 0 0 10000 0 0
89 10000 0 0 0 0 0 0 0 0
91 89991 1 1 49995 0 0 19998 0 0
92 89991 0 0 49995 0 0 19998 0 0
93 99990 1 1 59994 0 0 19998 0 0
94 39996 0 0 19998 0 0 9999 0 0
95 9999 0 0 0 0 0 0 0 0
103 14 2 2 6 0 0 1 0 0
104 4 0 0 2 0 0 1 0 0
105 1 0 0 0 0 0 0 0 0
111 22 1 1 12 2 0 2 0 0
112 8 0 0 4 0 0 2 0 0
113 2 0 0 0 0 0 0 0 0
115 140007 1 1 40002 0 0 20001 0 0
116 80004 0 0 40002 0 0 20001 0 0
117 20001 1 1 0 0 0 0 0 0
119 449973 0 0 249985 0 0 49997 0 0
120 299982 0 0 99994 0 0 49997 0 0
121 349979 1 1 249985 0 0 49997 0 0
122 199988 0 0 99994 0 0 49997 0 0
123 49997 0 0 0 0 0 0 0 0
146 40000 1 1 10000 0 0 20000 0 0
147 150000 1 1 40000 0 0 10000 0 0
154 10000 0 0 0 0 0 0 0 0
156 39996 0 0 9999 0 0 19998 0 0
157 169983 1 1 39996 0 0 9999 0 0
164 9999 0 0 0 0 0 0 0 0
166 3 0 0 2 0 0 0 0 0
167 1 0 0 0 0 0 0 0 0
173 3 1 1 1 0 0 1 0 0
174 7 0 0 4 0 0 1 0 0
175 3 0 0 2 0 0 0 0 0
fn=sumka_runtime_pop_int
54 4 0 0 0 0 0 2 1 0
55 6 0 0 3 0 0 1 0 0
fl=???
fn=(below main)
0 54 4 4 15 2 0 17 0 0
fn=???
0 1628 36 27 1025 27 0 45 1 1
fn=_Exit
0 7 2 2 1 0 0 0 0 0
fn=_IO_cleanup
0 148 12 12 45 0 0 26 0 0
fn=_IO_default_finish
0 16 2 2 6 0 0 1 0 0
fn=_IO_default_setbuf
0 53 4 4 9 0 0 15 0 0
fn=_IO_default_xsputn
0 91 4 4 25 0 0 10 0 0
fn=_IO_do_write@@GLIBC_2.2.5
0 389 1 1 65 0 0 64 0 0
fn=_IO_doallocbuf
0 52 3 3 16 1 0 8 0 0
fn=_IO_file_close
0 3 1 1 1 0 0 0 0 0
fn=_IO_file_close_it@@GLIBC_2.2.5
0 55 6 6 10 0 0 16 0 0
fn=_IO_file_doallocate
0 114 9 5 26 1 0 14 0 0
fn=_IO_file_finish@@GLIBC_2.2.5
0 13 3 3 3 0 0 2 0 0
fn=_IO_file_fopen@@GLIBC_2.2.5
0 77 7 7 15 2 2 9 0 0
fn=_IO_file_open
0 33 3 3 6 0 0 7 0 0
fn=_IO_file_overflow@@GLIBC_2.2.5
0 921 5 5 262 0 0 125 0 0
fn=_IO_file_read
0 6 1 1 2 0 0 0 0 0
fn=_IO_file_seek
0 6 1 1 2 0 0 0 0 0
fn=_IO_file_seekoff@@GLIBC_2.2.5
0 273 20 20 74 0 0 48 0 0
fn=_IO_file_setbuf@@GLIBC_2.2.5
0 16 2 1 3 0 0 8 0 0
fn=_IO_file_stat
0 9 2 1 3 0 0 0 0 0
fn=_IO_file_sync@@GLIBC_2.2.5
0 18 3 3 7 0 0 3 0 0
fn=_IO_file_write@@GLIBC_2.2.5
0 1184 2 2 256 0 0 160 1 0
fn=_IO_file_xsgetn
0 41 5 5 13 0 0 8 0 0
fn=_IO_file_xsputn@@GLIBC_2.2.5
0 17590 9 8 3600 3 2 2124 1 0
fn=_IO_flush_all_lockp
0 111 10 10 32 7 3 19 0 0
fn=_IO_free_backup_area
0 24 2 2 8 0 0 10 0 0
fn=_IO_link_in
0 107 8 8 41 2 1 24 0 0
fn=_IO_new_file_init_internal
0 9 1 1 3 0 0 4 0 0
fn=_IO_no_init
0 34 4 4 5 0 0 20 2 2
fn=_IO_old_init
0 30 3 3 3 1 1 18 2 2
fn=_IO_padn
0 960 6 6 240 0 0 160 0 0
fn=_IO_seekoff_unlocked
0 89 3 3 17 1 0 9 0 0
fn=_IO_setb
0 89 1 1 22 0 0 22 0 0
fn=_IO_sgetn
0 15 2 2 3 0 0 1 0 0
fn=_IO_un_link
0 8 0 0 3 0 0 0 0 0
fn=_IO_unsave_markers
0 10 2 2 4 0 0 1 0 0
fn=__GI__IO_un_link.part.0
0 93 10 10 32 0 0 18 0 0
fn=__GI___close_nocancel
0 18 1 1 3 0 0 0 0 0
fn=__GI___tunable_set_val
0 230 4 4 35 0 0 20 0 0
fn=__GI___tunables_init
0 26129 7 7 5002 56 56 6 1 1
fn=__GI_strstr
0 34 3 3 11 1 1 8 0 0
fn=____strtol_l_internal
0 415 10 10 61 4 1 33 0 0
fn=__call_tls_dtors
0 12 2 2 5 1 0 2 0 0
fn=__close_nocancel
0 6 1 1 1 0 0 0 0 0
fn=__ctype_b_loc
0 428 1 1 321 1 0 0 0 0
fn=__ctype_init
0 17 3 3 10 5 0 3 0 0
fn=__cxa_atexit
0 3 1 1 0 0 0 0 0 0
fn=__cxa_finalize
0 118 5 5 34 1 0 14 0 0
fn=__default_morecore
0 16 1 1 2 0 0 2 0 0
fn=__errno_location
0 12 1 1 9 0 0 0 0 0
fn=__fopen_internal
0 43 4 4 7 0 0 11 1 1
fn=__init_misc
0 25 2 2 7 0 0 5 1 0
fn=__internal_atexit
0 40 3 3 11 1 0 10 1 0
fn=__libc_csu_init
0 34 2 2 8 0 0 8 0 0
fn=__libc_early_init
0 9 2 2 3 0 0 4 2 2
fn=__libc_scratch_buffer_set_array_size
0 40 3 3 10 0 0 6 0 0
fn=__memcpy_avx_unaligned_erms
0 3484 6 6 686 4 3 428 2 1
fn=__mempcpy_avx_unaligned_erms
0 916 1 1 0 0 0 0 0 0
fn=__memset_avx2_erms
0 170126 1 1 2 2 0 170112 2660 2561
fn=__memset_avx2_unaligned_erms
0 152 2 2 13 0 0 22 0 0
fn=__new_exitfn
0 32 5 5 8 2 0 5 0 0
fn=__open_nocancel
0 57 2 2 3 0 0 3 2 2
fn=__pread64_nocancel
0 28 1 1 4 0 0 0 0 0
fn=__read_nocancel
0 12 1 1 2 0 0 0 0 0
fn=__rtld_malloc_init_real
0 118 4 4 11 1 1 17 1 0
fn=__rtld_malloc_init_stubs
0 10 2 2 1 0 0 4 0 0
fn=__run_exit_handlers
0 98 8 8 25 4 0 15 2 0
fn=__sigjmp_save
0 9 0 0 2 0 0 2 0 0
fn=__sigsetjmp
0 94 5 5 20 1 0 35 3 3
fn=__strchr_avx2
0 26 3 3 3 0 0 0 0 0
fn=__strchrnul_avx2
0 3522 4 4 345 4 2 0 0 0
fn=__strcmp_avx2
0 1134 2 2 270 8 3 0 0 0
fn=__strlen_avx2
0 1720 4 4 186 4 4 0 0 0
fn=__strncmp_avx2
0 2309 4 4 479 6 4 0 0 0
fn=__strrchr_avx2
0 28 4 4 2 1 0 0 0 0
fn=__tunable_get_val
0 495 2 2 96 24 11 24 0 0
fn=__unregister_atfork
0 34 3 3 14 1 1 2 0 0
fn=__vfprintf_internal
0 26160 64 64 6290 32 9 4267 6 0
fn=__x86_cacheinfo
0 34 4 4 7 2 0 11 3 3
fn=__x86_cpu_features
0 6 1 1 2 0 0 0 0 0
fn=_dl_add_to_namespace_list
0 122 2 2 32 1 1 26 1 1
fn=_dl_add_to_slotinfo
0 28 3 3 9 1 0 6 1 0
fn=_dl_allocate_tls_init
0 87 7 7 27 2 0 15 0 0
fn=_dl_allocate_tls_storage
0 353 3 3 9 0 0 321 41 41
fn=_dl_cache_libcmp
0 865 3 3 132 13 13 0 0 0
fn=_dl_call_libc_early_init
0 24 2 2 5 0 0 3 0 0
fn=_dl_catch_error
0 23 2 2 7 0 0 7 0 0
fn=_dl_catch_exception
0 108 3 3 24 0 0 39 4 4
fn=_dl_cet_check
0 2 1 1 0 0 0 0 0 0
fn=_dl_check_all_versions
0 72 3 3 13 0 0 8 0 0
fn=_dl_check_map_versions
0 2122 18 18 721 26 25 240 20 19
fn=_dl_count_modids
0 6 1 1 3 0 0 0 0 0
fn=_dl_debug_initialize
0 45 6 3 13 2 1 4 0 0
fn=_dl_debug_state
0 4 0 0 2 0 0 0 0 0
fn=_dl_determine_tlsoffset
0 74 6 6 17 0 0 11 0 0
fn=_dl_discover_osversion
0 94 5 5 13 1 1 4 1 1
fn=_dl_dst_count
0 54 1 1 18 0 0 18 2 2
fn=_dl_fini
0 269 12 12 80 21 0 30 5 0
fn=_dl_fixup
0 1370 9 6 493 62 4 107 0 0
fn=_dl_hwcaps_contains
0 30 1 1 6 0 0 0 0 0
fn=_dl_hwcaps_split
0 390 2 2 90 1 1 69 0 0
fn=_dl_hwcaps_split_masked
0 212 1 1 49 0 0 40 1 1
fn=_dl_hwcaps_subdirs_active
0 47 4 4 6 0 0 0 0 0
fn=_dl_important_hwcaps
0 757 34 34 146 0 0 132 5 5
fn=_dl_init
0 72 4 4 19 1 0 12 0 0
fn=_dl_init_paths
0 80 9 9 16 0 0 25 3 3
fn=_dl_load_cache_lookup
0 76 10 10 15 1 1 10 0 0
fn=_dl_lookup_direct
0 64 4 4 16 2 1 9 0 0
fn=_dl_lookup_symbol_x
0 24282 12 12 5222 113 97 2685 23 8
fn=_dl_map_object
0 422 21 21 89 0 0 69 8 8
fn=_dl_map_object_deps
0 959 33 33 192 2 2 100 8 8
fn=_dl_map_object_from_fd
0 2474 59 59 547 38 38 241 24 24
fn=_dl_name_match_p
0 415 3 3 103 0 0 60 0 0
fn=_dl_new_object
0 664 14 14 113 4 4 117 25 25
fn=_dl_next_ld_env_entry
0 376 2 2 131 0 0 1 0 0
fn=_dl_next_tls_modid
0 7 1 1 3 0 0 1 0 0
fn=_dl_process_pt_gnu_property
0 60 3 3 24 3 3 0 0 0
fn=_dl_protect_relro
0 80 2 2 24 1 0 8 0 0
fn=_dl_receive_error
0 17 2 2 5 0 0 7 0 0
fn=_dl_relocate_object
0 30302 48 48 7593 715 665 2635 261 247
fn=_dl_runtime_resolve_xsave
0 697 4 4 816 4 0 850 51 14
fn=_dl_setup_hash
0 100 2 2 28 5 5 24 1 1
fn=_dl_sort_maps
0 373 20 11 109 1 0 56 3 0
fn=_dl_start
0 627 21 19 131 20 18 50 14 14
fn=_dl_sysdep_read_whole_file
0 42 3 3 6 1 1 9 2 2
fn=_dl_sysdep_start
0 485 17 16 124 17 15 38 7 7
fn=_dl_sysdep_start_cleanup
0 2 1 1 1 0 0 0 0 0
fn=_dl_tls_static_surplus_init
0 37 2 2 6 0 0 7 0 0
fn=_dl_unload_cache
0 12 2 2 3 1 0 3 0 0
fn=_dl_x86_init_cpu_features
0 5 1 1 1 0 0 0 0 0
fn=_init_first
0 19 2 2 7 3 1 4 2 1
fn=_int_free
0 904 15 14 261 10 0 145 1 0
fn=_int_malloc
0 2804 40 36 482 24 0 579 9 7
fn=_itoa_word
0 1424 3 3 108 2 1 64 0 0
fn=_setjmp
0 3 1 1 0 0 0 0 0 0
fn=_start
0 12 1 1 2 0 0 3 0 0
fn=access
0 9 1 1 1 0 0 1 0 0
fn=alloc_perturb
0 60 1 1 30 0 0 0 0 0
fn=bcmp
0 58 6 6 10 0 0 0 0 0
fn=brk
0 26 2 2 5 0 0 3 1 1
fn=call_init
0 206 5 5 75 10 0 33 0 0
fn=check_match
0 6385 11 8 2125 84 50 725 8 7
fn=check_stdfiles_vtables
0 12 2 2 7 4 0 0 0 0
fn=copy_hwcaps
0 88 2 2 20 0 0 36 2 2
fn=dl_cet_check
0 29 3 2 9 0 0 6 0 0
fn=dl_main
0 1539 87 87 359 44 28 171 16 15
fn=do_lookup_x
0 29357 18 16 9547 269 156 4494 20 12
fn=do_preload
0 28 3 3 7 0 0 8 0 0
fn=exit
0 6 2 2 0 0 0 1 0 0
fn=expand_dynamic_string_token
0 18 1 1 5 0 0 6 0 0
fn=fclose@@GLIBC_2.2.5
0 77 8 8 26 1 0 9 0 0
fn=fopen@@GLIBC_2.2.5
0 3 1 1 0 0 0 0 0 0
fn=fread
0 61 5 5 20 0 0 10 0 0
fn=free
0 485 5 4 164 8 0 68 0 0
fn=fseek
0 104 3 3 36 0 0 16 0 0
fn=fstat
0 30 2 2 0 0 0 0 0 0
fn=fstatat
0 48 2 2 6 0 0 0 0 0
fn=ftell
0 49 5 5 16 0 0 5 0 0
fn=get_common_cache_info.constprop.0
0 222 12 12 19 0 0 14 0 0
fn=get_common_indices.constprop.0
0 60 5 5 6 0 0 21 3 3
fn=handle_intel.constprop.0
0 548 4 4 90 0 0 145 0 0
fn=handle_preload_list
0 55 4 4 13 0 0 11 2 2
fn=index
0 395 6 6 52 3 3 0 0 0
fn=init_cpu_features.constprop.0
0 333 37 37 47 0 0 105 5 5
fn=init_tls
0 82 6 6 20 2 1 19 1 1
fn=intel_check_word.constprop.0
0 5142 10 10 460 7 7 72 1 1
fn=lookup_malloc_symbol
0 180 3 3 64 1 0 40 0 0
fn=lseek
0 12 1 1 2 0 0 0 0 0
fn=malloc
0 741 6 6 198 13 0 68 0 0
fn=malloc_hook_ini
0 12 1 1 3 1 1 3 0 0
fn=map_doit
0 15 2 2 5 0 0 3 0 0
fn=memchr
0 12 1 1 4 0 0 0 0 0
fn=memcpy
0 271 3 3 73 3 2 51 9 9
fn=memcpy@@GLIBC_2.14
0 36 6 3 8 0 0 0 0 0
fn=memmove
0 36 3 3 8 1 0 0 0 0
fn=mempcpy
0 58 4 4 4 0 0 0 0 0
fn=memrchr
0 12 2 2 4 0 0 0 0 0
fn=memset
0 554 13 7 18 1 0 222 49 49
fn=mmap
0 280 4 4 42 0 0 28 0 0
fn=mprotect
0 24 2 2 4 0 0 0 0 0
fn=munmap
0 18 1 1 3 0 0 0 0 0
fn=munmap_chunk
0 66 3 3 22 0 0 0 0 0
fn=new_do_write
0 1792 5 5 512 1 0 416 1 0
fn=open
0 34 3 3 7 0 0 4 0 0
fn=open_verify.constprop.0
0 567 18 18 120 22 22 38 3 3
fn=openaux
0 36 1 1 16 0 0 6 0 0
fn=printf
0 2700 4 4 540 5 0 990 2 0
fn=ptmalloc_init.part.0
0 713 8 8 9 2 1 274 35 34
fn=rawmemchr
0 12 2 2 4 0 0 0 0 0
fn=read
0 8 1 1 2 0 0 0 0 0
fn=read_int
0 220 3 3 80 0 0 20 0 0
fn=rindex
0 12 1 1 4 0 0 0 0 0
fn=rtld_calloc
0 88 2 2 8 0 0 0 0 0
fn=rtld_free
0 10 1 1 4 0 0 0 0 0
fn=rtld_lock_default_lock_recursive
0 12 2 1 8 1 1 0 0 0
fn=rtld_lock_default_unlock_recursive
0 12 0 0 8 0 0 0 0 0
fn=rtld_malloc
0 549 4 4 105 1 1 105 2 2
fn=sbrk
0 64 5 5 20 0 0 10 0 0
fn=search_cache
0 310 14 14 53 11 11 33 0 0
fn=stpcpy
0 11 2 2 4 0 0 0 0 0
fn=stpncpy
0 11 1 1 4 0 0 0 0 0
fn=strcasecmp
0 7 2 2 3 1 0 0 0 0
fn=strcasecmp_l
0 7 1 1 3 0 0 0 0 0
fn=strcat
0 11 2 2 4 0 0 0 0 0
fn=strchrnul
0 12 1 1 4 0 0 0 0 0
fn=strcmp
0 9139 66 50 1515 72 42 0 0 0
fn=strcpy
0 11 1 1 4 0 0 0 0 0
fn=strcspn
0 227 4 4 103 2 2 34 4 4
fn=strdup
0 216 3 3 26 0 0 48 0 0
fn=strlen
0 353 6 4 52 4 2 0 0 0
fn=strncasecmp
0 7 2 2 3 0 0 0 0 0
fn=strncasecmp_l
0 7 1 1 3 0 0 0 0 0
fn=strncmp
0 22 3 1 8 0 0 0 0 0
fn=strncpy
0 11 3 3 4 0 0 0 0 0
fn=strnlen
0 24 2 2 8 0 0 0 0 0
fn=strpbrk
0 7 0 0 3 0 0 0 0 0
fn=strspn
0 7 2 2 3 0 0 0 0 0
fn=strtol
0 15 1 1 6 2 0 0 0 0
fn=sysmalloc
0 282 25 21 74 3 2 43 5 4
fn=tcache_init.part.0
0 114 3 3 9 0 0 84 9 9
fn=uname
0 6 1 1 1 0 0 0 0 0
fn=unlink_chunk.constprop.0
0 62 3 3 26 0 0 8 0 0
fn=update_usable.constprop.0
0 177 16 16 37 1 1 26 2 2
fn=version_check_doit
0 11 2 2 4 0 0 2 0 0
fn=wcschr
0 24 1 1 8 0 0 0 0 0
fn=wcscmp
0 12 2 2 4 0 0 0 0 0
fn=wcscpy
0 7 1 1 3 0 0 0 0 0
fn=wcslen
0 12 1 1 4 0 0 0 0 0
fn=wcsnlen
0 11 2 2 4 0 0 0 0 0
fn=wmemchr
0 24 2 2 8 0 0 0 0 0
fn=wmemcmp
0 14 2 2 5 0 0 0 0 0
fn=wmemset
0 32 2 2 8 0 0 0 0 0
fn=write
0 288 2 2 64 0 0 0 0 0
summary: 7627856 1685 1602 3382888 1924 1341 1605175 4670 4430
